  R, Z , factor,  number, name, Current
  0.0  -100.0    1
  0.0      100.0       0   1  bg_BtBz_01    3.884526409876309E+06
  0.8678435   1.860055  1  2  PFsym_a_01  -293555.433002323
  0.8678435  -1.860055  1  3  PFsym_a_01  -293555.433002323
  4.49624     3.69586   1  4  PFsym_a_02  -17349.2247843043
  4.49624    -3.69586   1  5  PFsym_a_02  -17349.2247843043
  8.638285    2.468375  1  6  PFsym_a_03   60023.3897873202
  8.638285   -2.468375  1  7  PFsym_a_03   60023.3897873202
  1.19984     3.34104   1  8  PFsym_b_01  -356061.424859307
  1.19984    -3.34104   1  9  PFsym_b_01  -356061.424859307
  2.62973     5.249245  1 10  PFsym_b_02  -65883.6778882385
  2.62973    -5.249245  1 11  PFsym_b_02  -65883.6778882385
  9.654945    3.295555  1 12  PFsym_b_03  -11539.671427341
  9.654945   -3.295555  1 13  PFsym_b_03  -11539.671427341
